1 0.500000
2 0.466667
3 0.433333
4 0.433333
5 0.533333
6 0.466667
7 0.466667
8 0.366667
9 0.400000
1 0.500000
2 0.466667
3 0.433333
4 0.433333
5 0.533333
6 0.466667
7 0.466667
8 0.366667
9 0.400000
1 0.500000
2 0.466667
3 0.433333
4 0.433333
5 0.533333
6 0.466667
7 0.466667
8 0.366667
9 0.400000
1 0.500000
2 0.466667
3 0.433333
4 0.433333
5 0.533333
6 0.466667
7 0.466667
8 0.366667
9 0.400000
1 0.500000
2 0.466667
3 0.433333
4 0.433333
5 0.533333
6 0.466667
7 0.466667
8 0.366667
9 0.400000
1 0.500000
2 0.466667
3 0.433333
4 0.433333
5 0.533333
6 0.466667
7 0.466667
8 0.366667
9 0.400000
1 0.500000
2 0.466667
3 0.433333
4 0.433333
5 0.533333
6 0.466667
7 0.466667
8 0.366667
9 0.400000
1 0.500000
2 0.466667
3 0.433333
4 0.433333
5 0.533333
6 0.466667
7 0.466667
8 0.366667
9 0.400000
1 0.500000
2 0.466667
3 0.433333
4 0.433333
5 0.533333
6 0.466667
7 0.466667
8 0.366667
9 0.400000
1 0.500000
2 0.466667
3 0.433333
4 0.433333
5 0.533333
6 0.466667
7 0.466667
8 0.366667
9 0.400000
1 0.500000
2 0.466667
3 0.433333
4 0.433333
5 0.533333
6 0.466667
7 0.466667
8 0.366667
9 0.400000
1 0.500000
2 0.466667
3 0.433333
4 0.433333
5 0.533333
6 0.466667
7 0.466667
8 0.366667
9 0.400000
1 0.500000
2 0.466667
3 0.433333
4 0.433333
5 0.533333
6 0.466667
7 0.466667
8 0.366667
9 0.400000
1 0.500000
2 0.466667
3 0.433333
4 0.433333
5 0.533333
6 0.466667
7 0.466667
8 0.366667
9 0.400000
1 0.500000
2 0.466667
3 0.433333
4 0.433333
5 0.533333
6 0.466667
7 0.466667
8 0.366667
9 0.400000
1 0.500000
2 0.466667
3 0.433333
4 0.433333
5 0.533333
6 0.466667
7 0.466667
8 0.366667
9 0.400000
1 0.500000
2 0.466667
3 0.433333
4 0.433333
5 0.533333
6 0.466667
7 0.466667
8 0.366667
9 0.400000
1 0.500000
2 0.466667
3 0.433333
4 0.433333
5 0.533333
6 0.466667
7 0.466667
8 0.366667
9 0.400000
1 0.500000
2 0.466667
3 0.433333
4 0.433333
5 0.533333
6 0.466667
7 0.466667
8 0.366667
9 0.400000
1 0.500000
2 0.466667
3 0.433333
4 0.433333
5 0.533333
6 0.466667
7 0.466667
8 0.366667
9 0.400000
1 0.500000
2 0.466667
3 0.433333
4 0.433333
5 0.533333
6 0.466667
7 0.466667
8 0.366667
9 0.400000
1 0.500000
2 0.466667
3 0.433333
4 0.433333
5 0.533333
6 0.466667
7 0.466667
8 0.366667
9 0.400000
1 0.500000
2 0.466667
3 0.433333
4 0.433333
5 0.533333
6 0.466667
7 0.466667
8 0.366667
9 0.400000
1 0.500000
2 0.466667
3 0.433333
4 0.433333
5 0.533333
6 0.466667
7 0.466667
8 0.366667
9 0.400000
1 0.500000
2 0.466667
3 0.433333
4 0.433333
5 0.533333
6 0.466667
7 0.466667
8 0.366667
9 0.400000
1 0.500000
2 0.466667
3 0.433333
4 0.433333
5 0.533333
6 0.466667
7 0.466667
8 0.366667
9 0.400000
1 0.500000
2 0.466667
3 0.433333
4 0.433333
5 0.533333
6 0.466667
7 0.466667
8 0.366667
9 0.400000
1 0.500000
2 0.466667
3 0.433333
4 0.433333
5 0.533333
6 0.466667
7 0.466667
8 0.366667
9 0.400000
1 0.500000
2 0.466667
3 0.433333
4 0.433333
5 0.533333
6 0.466667
7 0.466667
8 0.366667
9 0.400000
1 0.500000
2 0.466667
3 0.433333
4 0.433333
5 0.533333
6 0.466667
7 0.466667
8 0.366667
9 0.400000
